ReliefF

              -       Baseline             FS   RU(3:1) + FS   RU(2:1) + FS   RU(1:1) + FS   FS + RU(3:1)   FS + RU(2:1)   FS + RU(1:1)     FS + Cost2     FS + Cost3     FS + Cost4     FS + Cost5
    Specificity          0,997          0,983          0,943          0,930          0,891          0,945          0,933          0,907          0,976          0,972          0,969          0,968
         Recall          0,153          0,367          0,716          0,768          0,865          0,730          0,780          0,857          0,500          0,565          0,583          0,607
      Precision          0,801          0,652          0,525          0,490          0,409          0,540          0,503          0,447          0,643          0,636          0,622          0,620
      F-Measure          0,257          0,469          0,606          0,598          0,555          0,621          0,611          0,587          0,563          0,598          0,601          0,613
         G-Mean          0,389          0,600          0,822          0,845          0,877          0,831          0,853          0,882          0,698          0,741          0,751          0,766


Baseline
	#		  1		  2		  3		  4		Average
Specificity	0,997	0,998	0,996	0,996	0,997	
Recall     	0,185	0,129	0,153	0,145	0,153	
Precision  	0,852	0,842	0,760	0,750	0,801	
F-measure  	0,305	0,224	0,255	0,243	0,257	
G-mean     	0,429	0,359	0,390	0,380	0,389	


FS
	#		  1		  2		  3		  4		Average
Specificity	0,982	0,982	0,983	0,985	0,983	
Recall     	0,387	0,403	0,347	0,331	0,367	
Precision  	0,658	0,658	0,642	0,651	0,652	
F-measure  	0,487	0,500	0,450	0,439	0,469	
G-mean     	0,616	0,629	0,584	0,571	0,600	


RU(3:1) + FS
	#		  1		  2		  3		  4		Average
Specificity	0,945	0,942	0,942	0,945	0,943	
Recall     	0,694	0,734	0,734	0,702	0,716	
Precision  	0,524	0,526	0,523	0,527	0,525	
F-measure  	0,597	0,613	0,611	0,602	0,606	
G-mean     	0,810	0,832	0,832	0,814	0,822	


RU(2:1) + FS
	#		  1		  2		  3		  4		Average
Specificity	0,932	0,932	0,925	0,932	0,930	
Recall     	0,758	0,766	0,782	0,766	0,768	
Precision  	0,492	0,495	0,478	0,495	0,490	
F-measure  	0,597	0,601	0,593	0,601	0,598	
G-mean     	0,841	0,845	0,850	0,845	0,845	


RU(1:1) + FS
	#		  1		  2		  3		  4		Average
Specificity	0,890	0,894	0,897	0,882	0,891	
Recall     	0,855	0,863	0,847	0,895	0,865	
Precision  	0,405	0,415	0,418	0,398	0,409	
F-measure  	0,549	0,560	0,560	0,551	0,555	
G-mean     	0,872	0,878	0,872	0,888	0,877	


FS + RU(3:1)
	#		  1		  2		  3		  4		Average
Specificity	0,949	0,939	0,945	0,949	0,945	
Recall     	0,726	0,742	0,750	0,702	0,730	
Precision  	0,556	0,517	0,544	0,544	0,540	
F-measure  	0,629	0,609	0,631	0,613	0,621	
G-mean     	0,830	0,835	0,842	0,816	0,831	


FS + RU(2:1)
	#		  1		  2		  3		  4		Average
Specificity	0,936	0,927	0,934	0,934	0,933	
Recall     	0,774	0,782	0,798	0,766	0,780	
Precision  	0,513	0,483	0,513	0,503	0,503	
F-measure  	0,617	0,597	0,625	0,607	0,611	
G-mean     	0,851	0,851	0,863	0,846	0,853	


FS + RU(1:1)
	#		  1		  2		  3		  4		Average
Specificity	0,914	0,895	0,911	0,909	0,907	
Recall     	0,855	0,855	0,863	0,855	0,857	
Precision  	0,465	0,416	0,457	0,451	0,447	
F-measure  	0,602	0,559	0,598	0,591	0,587	
G-mean     	0,884	0,875	0,887	0,882	0,882	


FS + Cost2
	#		  1		  2		  3		  4		Average
Specificity	0,974	0,977	0,973	0,979	0,976	
Recall     	0,476	0,508	0,484	0,532	0,500	
Precision  	0,615	0,656	0,612	0,688	0,643	
F-measure  	0,536	0,573	0,541	0,600	0,563	
G-mean     	0,681	0,704	0,686	0,722	0,698	


FS + Cost3
	#		  1		  2		  3		  4		Average
Specificity	0,972	0,973	0,970	0,972	0,972	
Recall     	0,540	0,573	0,548	0,597	0,565	
Precision  	0,626	0,651	0,618	0,649	0,636	
F-measure  	0,580	0,609	0,581	0,622	0,598	
G-mean     	0,724	0,747	0,729	0,762	0,741	


FS + Cost4
	#		  1		  2		  3		  4		Average
Specificity	0,968	0,971	0,968	0,969	0,969	
Recall     	0,581	0,556	0,613	0,581	0,583	
Precision  	0,610	0,627	0,628	0,621	0,622	
F-measure  	0,595	0,590	0,620	0,600	0,601	
G-mean     	0,750	0,735	0,770	0,750	0,751	


FS + Cost5
	#		  1		  2		  3		  4		Average
Specificity	0,968	0,970	0,967	0,966	0,968	
Recall     	0,605	0,589	0,597	0,637	0,607	
Precision  	0,620	0,629	0,612	0,617	0,620	
F-measure  	0,612	0,608	0,604	0,627	0,613	
G-mean     	0,765	0,756	0,760	0,784	0,766	


